1 1 0
1 2 0
1 3 0
1 4 0
1 5 0
1 6 0
1 7 0
1 8 0
1 9 98
1 10 110
1 11 93
1 12 113
1 13 129
1 14 124
1 15 123
1 16 0
1 17 0
1 18 0
1 19 110
1 20 0
1 21 13
1 22 0
1 23 0
1 24 0
1 25 0
1 26 0
1 27 0
1 28 0
1 29 0
1 30 0
1 31 0
2 1 0
2 2 0
2 3 0
2 4 0
2 5 0
2 6 0
2 7 0
2 8 44
2 9 63
2 10 42
2 11 103
2 12 112
2 13 74
2 14 21
2 15 0
2 16 0
2 17 13
2 18 0
2 19 0
2 20 0
2 21 0
2 22 0
2 23 0
2 24 0
2 25 0
2 26 0
2 27 0
2 28 0
3 1 0
3 2 0
3 3 0
3 4 0
3 5 0
3 6 0
3 7 0
3 8 0
3 9 4
3 10 60
3 11 12
3 12 9
3 13 35
3 14 83
3 15 7
3 16 0
3 17 0
3 18 0
3 19 63
3 20 0
3 21 0
3 22 0
3 23 0
3 24 0
3 25 0
3 26 0
3 27 0
3 28 0
3 29 0
3 30 0
3 31 0
4 1 0
4 2 0
4 3 0
4 4 0
4 5 0
4 6 0
4 7 0
4 8 16
4 9 52
4 10 8
4 11 99
4 12 116
4 13 98
4 14 63
4 15 0
4 16 0
4 17 9
4 18 36
4 19 0
4 20 0
4 21 0
4 22 0
4 23 0
4 24 0
4 25 0
4 26 0
4 27 0 
4 29 0
4 30 0